  10   10   10   10   10   10   10   10   10   10   10   10   10   10   10   10   10   10   10   10   10   10   10   10   10   10   10   10   10   10   10   10   10   10   10   10   10   10   10   10   10   10   10   10   10   10   10   10   10   10   10   10 
   0 5.00 6.97 7.89 8.40 8.71 8.91 9.06 9.17 9.25 9.32 9.37 9.42 9.45 9.48 9.51 9.53 9.54 9.56 9.57 9.58 9.59 9.60 9.60 9.60 9.60 9.60 9.60 9.60 9.60 9.59 9.58 9.57 9.56 9.54 9.53 9.51 9.48 9.45 9.42 9.37 9.32 9.25 9.17 9.06 8.91 8.71 8.40 7.89 6.97 5.00    0 
   0 3.02 4.98 6.21 6.99 7.52 7.89 8.16 8.36 8.52 8.65 8.76 8.84 8.91 8.97 9.02 9.06 9.09 9.12 9.15 9.16 9.18 9.19 9.20 9.21 9.21 9.21 9.21 9.20 9.19 9.18 9.16 9.15 9.12 9.09 9.06 9.02 8.97 8.91 8.84 8.76 8.65 8.52 8.36 8.16 7.89 7.52 6.99 6.21 4.98 3.02    0 
   0 2.08 3.74 4.96 5.84 6.48 6.96 7.32 7.61 7.83 8.01 8.16 8.28 8.38 8.46 8.53 8.59 8.65 8.69 8.72 8.75 8.78 8.79 8.81 8.82 8.82 8.82 8.82 8.81 8.79 8.78 8.75 8.72 8.69 8.65 8.59 8.53 8.46 8.38 8.28 8.16 8.01 7.83 7.61 7.32 6.96 6.48 5.84 4.96 3.74 2.08    0 
   0 1.57 2.94 4.06 4.93 5.61 6.15 6.57 6.90 7.18 7.40 7.58 7.74 7.86 7.97 8.06 8.14 8.21 8.26 8.31 8.35 8.38 8.40 8.42 8.43 8.43 8.43 8.43 8.42 8.40 8.38 8.35 8.31 8.26 8.21 8.14 8.06 7.97 7.86 7.74 7.58 7.40 7.18 6.90 6.57 6.15 5.61 4.93 4.06 2.94 1.57    0 
   0 1.25 2.40 3.39 4.22 4.89 5.45 5.90 6.27 6.57 6.83 7.04 7.22 7.37 7.50 7.61 7.70 7.78 7.84 7.90 7.95 7.98 8.01 8.03 8.05 8.05 8.05 8.05 8.03 8.01 7.98 7.95 7.90 7.84 7.78 7.70 7.61 7.50 7.37 7.22 7.04 6.83 6.57 6.27 5.90 5.45 4.89 4.22 3.39 2.40 1.25    0 
   0 1.04 2.01 2.89 3.65 4.30 4.85 5.31 5.70 6.02 6.30 6.53 6.73 6.90 7.04 7.17 7.27 7.36 7.44 7.50 7.55 7.60 7.63 7.65 7.67 7.68 7.68 7.67 7.65 7.63 7.60 7.55 7.50 7.44 7.36 7.27 7.17 7.04 6.90 6.73 6.53 6.30 6.02 5.70 5.31 4.85 4.30 3.65 2.89 2.01 1.04    0 
   0 0.88 1.72 2.50 3.20 3.81 4.34 4.79 5.19 5.52 5.81 6.06 6.27 6.45 6.61 6.74 6.86 6.96 7.04 7.11 7.17 7.22 7.26 7.29 7.30 7.31 7.31 7.30 7.29 7.26 7.22 7.17 7.11 7.04 6.96 6.86 6.74 6.61 6.45 6.27 6.06 5.81 5.52 5.19 4.79 4.34 3.81 3.20 2.50 1.72 0.88    0 
   0 0.76 1.50 2.19 2.83 3.39 3.90 4.34 4.73 5.07 5.36 5.62 5.84 6.03 6.20 6.34 6.47 6.57 6.66 6.74 6.80 6.86 6.90 6.93 6.95 6.96 6.96 6.95 6.93 6.90 6.86 6.80 6.74 6.66 6.57 6.47 6.34 6.20 6.03 5.84 5.62 5.36 5.07 4.73 4.34 3.90 3.39 2.83 2.19 1.50 0.76    0 
   0 0.67 1.32 1.94 2.52 3.05 3.52 3.95 4.33 4.66 4.95 5.21 5.44 5.64 5.81 5.96 6.09 6.20 6.30 6.38 6.45 6.50 6.54 6.58 6.60 6.61 6.61 6.60 6.58 6.54 6.50 6.45 6.38 6.30 6.20 6.09 5.96 5.81 5.64 5.44 5.21 4.95 4.66 4.33 3.95 3.52 3.05 2.52 1.94 1.32 0.67    0 
   0 0.60 1.18 1.74 2.26 2.75 3.20 3.60 3.97 4.29 4.58 4.84 5.06 5.26 5.44 5.59 5.73 5.85 5.95 6.03 6.10 6.16 6.20 6.24 6.26 6.27 6.27 6.26 6.24 6.20 6.16 6.10 6.03 5.95 5.85 5.73 5.59 5.44 5.26 5.06 4.84 4.58 4.29 3.97 3.60 3.20 2.75 2.26 1.74 1.18 0.60    0 
   0 0.53 1.06 1.57 2.05 2.50 2.91 3.30 3.64 3.96 4.24 4.49 4.72 4.92 5.10 5.25 5.39 5.51 5.61 5.70 5.77 5.83 5.88 5.91 5.93 5.95 5.95 5.93 5.91 5.88 5.83 5.77 5.70 5.61 5.51 5.39 5.25 5.10 4.92 4.72 4.49 4.24 3.96 3.64 3.30 2.91 2.50 2.05 1.57 1.06 0.53    0 
   0 0.48 0.96 1.42 1.86 2.28 2.66 3.02 3.35 3.66 3.93 4.18 4.40 4.59 4.77 4.93 5.06 5.18 5.29 5.38 5.45 5.51 5.56 5.60 5.62 5.63 5.63 5.62 5.60 5.56 5.51 5.45 5.38 5.29 5.18 5.06 4.93 4.77 4.59 4.40 4.18 3.93 3.66 3.35 3.02 2.66 2.28 1.86 1.42 0.96 0.48    0 
   0 0.44 0.87 1.29 1.70 2.08 2.44 2.78 3.09 3.38 3.64 3.88 4.10 4.29 4.47 4.62 4.76 4.88 4.98 5.07 5.15 5.21 5.26 5.29 5.32 5.33 5.33 5.32 5.29 5.26 5.21 5.15 5.07 4.98 4.88 4.76 4.62 4.47 4.29 4.10 3.88 3.64 3.38 3.09 2.78 2.44 2.08 1.70 1.29 0.87 0.44    0 
   0 0.40 0.80 1.18 1.55 1.91 2.25 2.56 2.86 3.13 3.38 3.61 3.82 4.01 4.18 4.33 4.47 4.59 4.69 4.78 4.86 4.92 4.97 5.00 5.03 5.04 5.04 5.03 5.00 4.97 4.92 4.86 4.78 4.69 4.59 4.47 4.33 4.18 4.01 3.82 3.61 3.38 3.13 2.86 2.56 2.25 1.91 1.55 1.18 0.80 0.40    0 
   0 0.37 0.73 1.08 1.43 1.76 2.07 2.37 2.65 2.91 3.15 3.37 3.57 3.75 3.92 4.06 4.20 4.31 4.42 4.50 4.58 4.64 4.69 4.72 4.75 4.76 4.76 4.75 4.72 4.69 4.64 4.58 4.50 4.42 4.31 4.20 4.06 3.92 3.75 3.57 3.37 3.15 2.91 2.65 2.37 2.07 1.76 1.43 1.08 0.73 0.37    0 
   0 0.34 0.67 1.00 1.32 1.62 1.91 2.19 2.45 2.70 2.93 3.14 3.33 3.51 3.67 3.81 3.94 4.05 4.15 4.24 4.31 4.37 4.42 4.46 4.48 4.49 4.49 4.48 4.46 4.42 4.37 4.31 4.24 4.15 4.05 3.94 3.81 3.67 3.51 3.33 3.14 2.93 2.70 2.45 2.19 1.91 1.62 1.32 1.00 0.67 0.34    0 
   0 0.31 0.62 0.92 1.21 1.50 1.77 2.03 2.28 2.51 2.72 2.92 3.11 3.28 3.43 3.57 3.70 3.81 3.90 3.99 4.06 4.12 4.17 4.20 4.22 4.24 4.24 4.22 4.20 4.17 4.12 4.06 3.99 3.90 3.81 3.70 3.57 3.43 3.28 3.11 2.92 2.72 2.51 2.28 2.03 1.77 1.50 1.21 0.92 0.62 0.31    0 
   0 0.29 0.57 0.85 1.12 1.39 1.64 1.89 2.12 2.33 2.54 2.73 2.90 3.06 3.21 3.35 3.47 3.57 3.67 3.75 3.82 3.88 3.92 3.96 3.98 3.99 3.99 3.98 3.96 3.92 3.88 3.82 3.75 3.67 3.57 3.47 3.35 3.21 3.06 2.90 2.73 2.54 2.33 2.12 1.89 1.64 1.39 1.12 0.85 0.57 0.29    0 
   0 0.26 0.53 0.79 1.04 1.29 1.52 1.75 1.97 2.17 2.36 2.54 2.71 2.87 3.01 3.14 3.25 3.35 3.45 3.53 3.59 3.65 3.69 3.73 3.75 3.76 3.76 3.75 3.73 3.69 3.65 3.59 3.53 3.45 3.35 3.25 3.14 3.01 2.87 2.71 2.54 2.36 2.17 1.97 1.75 1.52 1.29 1.04 0.79 0.53 0.26    0 
   0 0.25 0.49 0.73 0.96 1.19 1.42 1.63 1.83 2.02 2.20 2.38 2.53 2.68 2.81 2.94 3.05 3.15 3.24 3.31 3.38 3.43 3.47 3.51 3.53 3.54 3.54 3.53 3.51 3.47 3.43 3.38 3.31 3.24 3.15 3.05 2.94 2.81 2.68 2.53 2.38 2.20 2.02 1.83 1.63 1.42 1.19 0.96 0.73 0.49 0.25    0 
   0 0.23 0.45 0.68 0.90 1.11 1.32 1.51 1.70 1.89 2.06 2.22 2.37 2.51 2.63 2.75 2.86 2.95 3.04 3.11 3.17 3.22 3.26 3.30 3.32 3.33 3.33 3.32 3.30 3.26 3.22 3.17 3.11 3.04 2.95 2.86 2.75 2.63 2.51 2.37 2.22 2.06 1.89 1.70 1.51 1.32 1.11 0.90 0.68 0.45 0.23    0 
   0 0.21 0.42 0.63 0.83 1.03 1.22 1.41 1.59 1.76 1.92 2.07 2.21 2.34 2.46 2.58 2.68 2.77 2.85 2.92 2.98 3.03 3.07 3.10 3.12 3.13 3.13 3.12 3.10 3.07 3.03 2.98 2.92 2.85 2.77 2.68 2.58 2.46 2.34 2.21 2.07 1.92 1.76 1.59 1.41 1.22 1.03 0.83 0.63 0.42 0.21    0 
   0 0.20 0.39 0.58 0.77 0.96 1.14 1.31 1.48 1.64 1.79 1.93 2.07 2.19 2.30 2.41 2.51 2.59 2.67 2.74 2.79 2.84 2.88 2.91 2.93 2.94 2.94 2.93 2.91 2.88 2.84 2.79 2.74 2.67 2.59 2.51 2.41 2.30 2.19 2.07 1.93 1.79 1.64 1.48 1.31 1.14 0.96 0.77 0.58 0.39 0.20    0 
   0 0.18 0.36 0.54 0.72 0.89 1.06 1.22 1.38 1.53 1.67 1.80 1.93 2.05 2.15 2.25 2.35 2.43 2.50 2.56 2.62 2.66 2.70 2.73 2.74 2.75 2.75 2.74 2.73 2.70 2.66 2.62 2.56 2.50 2.43 2.35 2.25 2.15 2.05 1.93 1.80 1.67 1.53 1.38 1.22 1.06 0.89 0.72 0.54 0.36 0.18    0 
   0 0.17 0.34 0.51 0.67 0.83 0.99 1.14 1.28 1.42 1.56 1.68 1.80 1.91 2.01 2.11 2.19 2.27 2.34 2.40 2.45 2.50 2.53 2.56 2.57 2.58 2.58 2.57 2.56 2.53 2.50 2.45 2.40 2.34 2.27 2.19 2.11 2.01 1.91 1.80 1.68 1.56 1.42 1.28 1.14 0.99 0.83 0.67 0.51 0.34 0.17    0 
   0 0.16 0.31 0.47 0.62 0.77 0.92 1.06 1.20 1.33 1.45 1.57 1.68 1.78 1.88 1.97 2.05 2.12 2.19 2.25 2.30 2.34 2.37 2.39 2.41 2.42 2.42 2.41 2.39 2.37 2.34 2.30 2.25 2.19 2.12 2.05 1.97 1.88 1.78 1.68 1.57 1.45 1.33 1.20 1.06 0.92 0.77 0.62 0.47 0.31 0.16    0 
   0 0.15 0.29 0.44 0.58 0.72 0.85 0.99 1.11 1.24 1.35 1.46 1.57 1.66 1.76 1.84 1.92 1.98 2.05 2.10 2.15 2.19 2.22 2.24 2.26 2.26 2.26 2.26 2.24 2.22 2.19 2.15 2.10 2.05 1.98 1.92 1.84 1.76 1.66 1.57 1.46 1.35 1.24 1.11 0.99 0.85 0.72 0.58 0.44 0.29 0.15    0 
   0 0.14 0.27 0.41 0.54 0.67 0.80 0.92 1.04 1.15 1.26 1.36 1.46 1.55 1.64 1.72 1.79 1.85 1.91 1.96 2.01 2.04 2.07 2.09 2.11 2.12 2.12 2.11 2.09 2.07 2.04 2.01 1.96 1.91 1.85 1.79 1.72 1.64 1.55 1.46 1.36 1.26 1.15 1.04 0.92 0.80 0.67 0.54 0.41 0.27 0.14    0 
   0 0.13 0.25 0.38 0.50 0.62 0.74 0.85 0.96 1.07 1.17 1.27 1.36 1.45 1.53 1.60 1.67 1.73 1.78 1.83 1.87 1.91 1.93 1.95 1.97 1.97 1.97 1.97 1.95 1.93 1.91 1.87 1.83 1.78 1.73 1.67 1.60 1.53 1.45 1.36 1.27 1.17 1.07 0.96 0.85 0.74 0.62 0.50 0.38 0.25 0.13    0 
   0 0.12 0.23 0.35 0.47 0.58 0.69 0.79 0.90 1.00 1.09 1.18 1.27 1.35 1.42 1.49 1.55 1.61 1.66 1.71 1.74 1.78 1.80 1.82 1.84 1.84 1.84 1.84 1.82 1.80 1.78 1.74 1.71 1.66 1.61 1.55 1.49 1.42 1.35 1.27 1.18 1.09 1.00 0.90 0.79 0.69 0.58 0.47 0.35 0.23 0.12    0 
   0 0.11 0.22 0.33 0.43 0.54 0.64 0.74 0.83 0.92 1.01 1.10 1.18 1.25 1.32 1.38 1.44 1.50 1.55 1.59 1.62 1.65 1.68 1.70 1.71 1.71 1.71 1.71 1.70 1.68 1.65 1.62 1.59 1.55 1.50 1.44 1.38 1.32 1.25 1.18 1.10 1.01 0.92 0.83 0.74 0.64 0.54 0.43 0.33 0.22 0.11    0 
   0 0.10 0.20 0.30 0.40 0.50 0.59 0.68 0.77 0.86 0.94 1.02 1.09 1.16 1.23 1.29 1.34 1.39 1.44 1.47 1.51 1.54 1.56 1.58 1.59 1.59 1.59 1.59 1.58 1.56 1.54 1.51 1.47 1.44 1.39 1.34 1.29 1.23 1.16 1.09 1.02 0.94 0.86 0.77 0.68 0.59 0.50 0.40 0.30 0.20 0.10    0 
   0 0.09 0.19 0.28 0.37 0.46 0.55 0.63 0.71 0.79 0.87 0.94 1.01 1.08 1.14 1.19 1.24 1.29 1.33 1.37 1.40 1.43 1.45 1.46 1.47 1.48 1.48 1.47 1.46 1.45 1.43 1.40 1.37 1.33 1.29 1.24 1.19 1.14 1.08 1.01 0.94 0.87 0.79 0.71 0.63 0.55 0.46 0.37 0.28 0.19 0.09    0 
   0 0.09 0.17 0.26 0.34 0.42 0.50 0.58 0.66 0.73 0.80 0.87 0.93 0.99 1.05 1.10 1.15 1.19 1.23 1.27 1.30 1.32 1.34 1.35 1.36 1.37 1.37 1.36 1.35 1.34 1.32 1.30 1.27 1.23 1.19 1.15 1.10 1.05 0.99 0.93 0.87 0.80 0.73 0.66 0.58 0.50 0.42 0.34 0.26 0.17 0.09    0 
   0 0.08 0.16 0.24 0.31 0.39 0.47 0.54 0.61 0.68 0.74 0.80 0.86 0.92 0.97 1.02 1.06 1.10 1.14 1.17 1.20 1.22 1.24 1.25 1.26 1.26 1.26 1.26 1.25 1.24 1.22 1.20 1.17 1.14 1.10 1.06 1.02 0.97 0.92 0.86 0.80 0.74 0.68 0.61 0.54 0.47 0.39 0.31 0.24 0.16 0.08    0 
   0 0.07 0.15 0.22 0.29 0.36 0.43 0.49 0.56 0.62 0.68 0.74 0.79 0.84 0.89 0.94 0.98 1.01 1.05 1.08 1.10 1.12 1.14 1.15 1.16 1.16 1.16 1.16 1.15 1.14 1.12 1.10 1.08 1.05 1.01 0.98 0.94 0.89 0.84 0.79 0.74 0.68 0.62 0.56 0.49 0.43 0.36 0.29 0.22 0.15 0.07    0 
   0 0.07 0.13 0.20 0.26 0.33 0.39 0.45 0.51 0.57 0.62 0.68 0.73 0.77 0.82 0.86 0.90 0.93 0.96 0.99 1.01 1.03 1.04 1.06 1.06 1.07 1.07 1.06 1.06 1.04 1.03 1.01 0.99 0.96 0.93 0.90 0.86 0.82 0.77 0.73 0.68 0.62 0.57 0.51 0.45 0.39 0.33 0.26 0.20 0.13 0.07    0 
   0 0.06 0.12 0.18 0.24 0.30 0.36 0.41 0.47 0.52 0.57 0.62 0.66 0.71 0.75 0.78 0.82 0.85 0.88 0.90 0.92 0.94 0.95 0.97 0.97 0.98 0.98 0.97 0.97 0.95 0.94 0.92 0.90 0.88 0.85 0.82 0.78 0.75 0.71 0.66 0.62 0.57 0.52 0.47 0.41 0.36 0.30 0.24 0.18 0.12 0.06    0 
   0 0.06 0.11 0.17 0.22 0.27 0.32 0.38 0.42 0.47 0.52 0.56 0.60 0.64 0.68 0.71 0.74 0.77 0.80 0.82 0.84 0.86 0.87 0.88 0.88 0.89 0.89 0.88 0.88 0.87 0.86 0.84 0.82 0.80 0.77 0.74 0.71 0.68 0.64 0.60 0.56 0.52 0.47 0.42 0.38 0.32 0.27 0.22 0.17 0.11 0.06    0 
   0 0.05 0.10 0.15 0.20 0.25 0.29 0.34 0.38 0.43 0.47 0.51 0.54 0.58 0.61 0.64 0.67 0.70 0.72 0.74 0.76 0.77 0.79 0.79 0.80 0.80 0.80 0.80 0.79 0.79 0.77 0.76 0.74 0.72 0.70 0.67 0.64 0.61 0.58 0.54 0.51 0.47 0.43 0.38 0.34 0.29 0.25 0.20 0.15 0.10 0.05    0 
   0 0.04 0.09 0.13 0.18 0.22 0.26 0.30 0.34 0.38 0.42 0.46 0.49 0.52 0.55 0.58 0.60 0.63 0.65 0.67 0.68 0.69 0.70 0.71 0.72 0.72 0.72 0.72 0.71 0.70 0.69 0.68 0.67 0.65 0.63 0.60 0.58 0.55 0.52 0.49 0.46 0.42 0.38 0.34 0.30 0.26 0.22 0.18 0.13 0.09 0.04    0 
   0 0.04 0.08 0.12 0.16 0.20 0.23 0.27 0.31 0.34 0.37 0.40 0.43 0.46 0.49 0.51 0.54 0.56 0.58 0.59 0.61 0.62 0.63 0.63 0.64 0.64 0.64 0.64 0.63 0.63 0.62 0.61 0.59 0.58 0.56 0.54 0.51 0.49 0.46 0.43 0.40 0.37 0.34 0.31 0.27 0.23 0.20 0.16 0.12 0.08 0.04    0 
   0 0.04 0.07 0.10 0.14 0.17 0.21 0.24 0.27 0.30 0.33 0.36 0.38 0.41 0.43 0.45 0.47 0.49 0.51 0.52 0.53 0.54 0.55 0.56 0.56 0.56 0.56 0.56 0.56 0.55 0.54 0.53 0.52 0.51 0.49 0.47 0.45 0.43 0.41 0.38 0.36 0.33 0.30 0.27 0.24 0.21 0.17 0.14 0.10 0.07 0.04    0 
   0 0.03 0.06 0.09 0.12 0.15 0.18 0.21 0.23 0.26 0.28 0.31 0.33 0.35 0.37 0.39 0.41 0.42 0.44 0.45 0.46 0.47 0.48 0.48 0.49 0.49 0.49 0.49 0.48 0.48 0.47 0.46 0.45 0.44 0.42 0.41 0.39 0.37 0.35 0.33 0.31 0.28 0.26 0.23 0.21 0.18 0.15 0.12 0.09 0.06 0.03    0 
   0 0.03 0.05 0.08 0.10 0.13 0.15 0.18 0.20 0.22 0.24 0.26 0.28 0.30 0.32 0.33 0.35 0.36 0.37 0.38 0.39 0.40 0.41 0.41 0.41 0.42 0.42 0.41 0.41 0.41 0.40 0.39 0.38 0.37 0.36 0.35 0.33 0.32 0.30 0.28 0.26 0.24 0.22 0.20 0.18 0.15 0.13 0.10 0.08 0.05 0.03    0 
   0 0.02 0.04 0.06 0.08 0.11 0.13 0.14 0.16 0.18 0.20 0.22 0.23 0.25 0.26 0.28 0.29 0.30 0.31 0.32 0.33 0.33 0.34 0.34 0.34 0.34 0.34 0.34 0.34 0.34 0.33 0.33 0.32 0.31 0.30 0.29 0.28 0.26 0.25 0.23 0.22 0.20 0.18 0.16 0.14 0.13 0.11 0.08 0.06 0.04 0.02    0 
   0 0.02 0.03 0.05 0.07 0.08 0.10 0.12 0.13 0.15 0.16 0.17 0.19 0.20 0.21 0.22 0.23 0.24 0.25 0.25 0.26 0.26 0.27 0.27 0.27 0.27 0.27 0.27 0.27 0.27 0.26 0.26 0.25 0.25 0.24 0.23 0.22 0.21 0.20 0.19 0.17 0.16 0.15 0.13 0.12 0.10 0.08 0.07 0.05 0.03 0.02    0 
   0 0.01 0.03 0.04 0.05 0.06 0.07 0.09 0.10 0.11 0.12 0.13 0.14 0.15 0.16 0.16 0.17 0.18 0.18 0.19 0.19 0.20 0.20 0.20 0.20 0.20 0.20 0.20 0.20 0.20 0.20 0.19 0.19 0.18 0.18 0.17 0.16 0.16 0.15 0.14 0.13 0.12 0.11 0.10 0.09 0.07 0.06 0.05 0.04 0.03 0.01    0 
   0 0.01 0.02 0.03 0.03 0.04 0.05 0.06 0.06 0.07 0.08 0.09 0.09 0.10 0.10 0.11 0.11 0.12 0.12 0.13 0.13 0.13 0.13 0.13 0.14 0.14 0.14 0.14 0.13 0.13 0.13 0.13 0.13 0.12 0.12 0.11 0.11 0.10 0.10 0.09 0.09 0.08 0.07 0.06 0.06 0.05 0.04 0.03 0.03 0.02 0.01    0 
   0 0.00 0.01 0.01 0.02 0.02 0.02 0.03 0.03 0.04 0.04 0.04 0.05 0.05 0.05 0.05 0.06 0.06 0.06 0.06 0.06 0.07 0.07 0.07 0.07 0.07 0.07 0.07 0.07 0.07 0.07 0.06 0.06 0.06 0.06 0.06 0.05 0.05 0.05 0.05 0.04 0.04 0.04 0.03 0.03 0.02 0.02 0.02 0.01 0.01 0.00    0 
   0    0    0    0    0    0    0    0    0    0    0    0    0    0    0    0    0    0    0    0    0    0    0    0    0    0    0    0    0    0    0    0    0    0    0    0    0    0    0    0    0    0    0    0    0    0    0    0    0    0    0    0 
